6.909757834888745265e+01 1.096355232723960782e+01
6.909757834888745265e+01 1.096355232723960782e+01
6.916516111194211192e+01 1.073612745258265555e+01
7.046707026761035308e+01 9.880716848214916581e+00
7.125507344510070595e+01 8.213618818018764145e+00
7.125507344510070595e+01 8.213618818018764145e+00
7.125507344510070595e+01 8.213618818018764145e+00
7.125507344510070595e+01 8.213618818018764145e+00
7.125507344510070595e+01 8.213618818018764145e+00
7.125507344510070595e+01 8.213618818018764145e+00
6.916913210378760368e+01 9.183174046679654978e+00
6.844415998332262063e+01 9.624450790825344271e+00
4.377816034149794588e-01 -1.629113952617055361e+01
4.377816034149794588e-01 -1.629113952617055361e+01
4.377816034149794588e-01 -1.629113952617055361e+01
4.377816034149794588e-01 -1.629113952617055361e+01
4.377816034149794588e-01 -1.629113952617055361e+01
3.127228485001549291e-02 -1.812217582251176395e+01
-9.222967894067131134e-01 -1.927512531931409256e+01
-1.774897184660007099e+01 -1.569916296565562241e+01
-1.774897184660007099e+01 -1.569916296565562241e+01
-1.774897184660007099e+01 -1.569916296565562241e+01
-1.774897184660007099e+01 -1.569916296565562241e+01
-1.774897184660007099e+01 -1.569916296565562241e+01
-1.774897184660007099e+01 -1.569916296565562241e+01
-1.958222085563191328e+01 -1.741928910415036924e+01
-2.428915682637715534e+01 -1.819485610313265056e+01
-6.932242983295918748e+01 -6.470610988571745992e+00
-6.932242983295918748e+01 -6.470610988571745992e+00
-6.932242983295918748e+01 -6.470610988571745992e+00
-6.932242983295918748e+01 -6.470610988571745992e+00
-6.932242983295918748e+01 -6.470610988571745992e+00
-6.908386770070468685e+01 -6.002843657648888609e+00
-7.108862973024999121e+01 -7.123214673311464296e+00
-8.116167933398648415e+01 -7.158735309753788023e+00
-8.116167933398648415e+01 -7.158735309753788023e+00
-8.116167933398648415e+01 -7.158735309753788023e+00
-8.116167933398648415e+01 -7.158735309753788023e+00
-8.116167933398648415e+01 -7.158735309753788023e+00
-8.181090685384384642e+01 -7.964293194412860544e+00
-8.151255086800071581e+01 -6.914410512653728524e+00
-8.253220859881096771e+01 -6.272314898080421308e+00
-8.253220859881096771e+01 -6.272314898080421308e+00
-8.253220859881096771e+01 -6.272314898080421308e+00
-8.253220859881096771e+01 -6.272314898080421308e+00
-8.253220859881096771e+01 -6.272314898080421308e+00
-8.253220859881096771e+01 -6.272314898080421308e+00
-8.211552889947536471e+01 -6.069450799543290032e+00
-8.178672122251047938e+01 -6.410812987434468369e+00
-6.875070194785541844e+01 7.565533828720996112e+00
-6.875070194785541844e+01 7.565533828720996112e+00
-6.875070194785541844e+01 7.565533828720996112e+00
-6.875070194785541844e+01 7.565533828720996112e+00
-6.875070194785541844e+01 7.565533828720996112e+00
-6.798596679785839569e+01 1.093080534717428876e+01
-6.464787491799395980e+01 1.445890199206288784e+01
-5.843900316745738621e+01 1.649170839925036347e+01
-5.843900316745738621e+01 1.649170839925036347e+01
-5.843900316745738621e+01 1.649170839925036347e+01
-5.843900316745738621e+01 1.649170839925036347e+01
-5.843900316745738621e+01 1.649170839925036347e+01
-5.837888094754141832e+01 1.649943828668025247e+01
-5.760621771362688293e+01 1.666991336078254804e+01
-5.305019380763160086e+01 1.808132777687957571e+01
-5.305019380763160086e+01 1.808132777687957571e+01
-5.305019380763160086e+01 1.808132777687957571e+01
-5.305019380763160086e+01 1.808132777687957571e+01
-5.305019380763160086e+01 1.808132777687957571e+01
-5.305019380763160086e+01 1.808132777687957571e+01
-5.241760269833612540e+01 1.820646083154794326e+01
-5.171640046698936288e+01 1.891407231346466133e+01
-4.233242072106119736e+01 2.052066822143655855e+01
-4.233242072106119736e+01 2.052066822143655855e+01
-4.233242072106119736e+01 2.052066822143655855e+01
-4.233242072106119736e+01 2.052066822143655855e+01
-4.233242072106119736e+01 2.052066822143655855e+01
-4.018421392359149280e+01 2.013024489097048075e+01
-3.934649884292785060e+01 2.033037761591613091e+01
-3.373074628395151109e+01 2.168046279687148825e+01
-3.373074628395151109e+01 2.168046279687148825e+01
-3.373074628395151109e+01 2.168046279687148825e+01
-3.373074628395151109e+01 2.168046279687148825e+01
-3.373074628395151109e+01 2.168046279687148825e+01
-3.373074628395151109e+01 2.168046279687148825e+01
-3.139890893061517829e+01 2.171966159165877031e+01
-2.969576832599256377e+01 2.176659701276594205e+01
-1.871112731392381079e+01 1.959959759835021487e+01
-1.871112731392381079e+01 1.959959759835021487e+01
-1.871112731392381079e+01 1.959959759835021487e+01
-1.871112731392381079e+01 1.959959759835021487e+01
-1.871112731392381079e+01 1.959959759835021487e+01
-1.751079822394928698e+01 1.950631654438863194e+01
-1.707900098187275262e+01 1.955073344624237919e+01
-7.120700080722851766e+00 2.043689822198246731e+01
-7.120700080722851766e+00 2.043689822198246731e+01
-7.120700080722851766e+00 2.043689822198246731e+01
-7.120700080722851766e+00 2.043689822198246731e+01
-7.120700080722851766e+00 2.043689822198246731e+01
-6.763010483818701957e+00 2.022129589851606823e+01
-6.529618368493550484e+00 2.004824391793965077e+01
-7.579825868593459415e-01 1.699473110616845872e+01
-7.579825868593459415e-01 1.699473110616845872e+01
-7.579825868593459415e-01 1.699473110616845872e+01
-7.579825868593459415e-01 1.699473110616845872e+01
-7.579825868593459415e-01 1.699473110616845872e+01
-7.579825868593459415e-01 1.699473110616845872e+01
-3.117700659347507064e-01 1.700749997766644839e+01
1.279518393492313534e-02 1.695222950800115314e+01
5.552595217454661558e+00 1.595973466300682553e+01
5.552595217454661558e+00 1.595973466300682553e+01
5.552595217454661558e+00 1.595973466300682553e+01
5.552595217454661558e+00 1.595973466300682553e+01
5.552595217454661558e+00 1.595973466300682553e+01
6.682897727732404647e+00 1.584728719958520493e+01
8.825257532589240839e+00 1.534244248855869586e+01
1.434408400032219966e+01 1.444577007053617201e+01
1.434408400032219966e+01 1.444577007053617201e+01
1.434408400032219966e+01 1.444577007053617201e+01
1.434408400032219966e+01 1.444577007053617201e+01
1.434408400032219966e+01 1.444577007053617201e+01
1.434408400032219966e+01 1.444577007053617201e+01
1.564399720238815483e+01 1.546617994992834788e+01
1.722292701422060190e+01 1.626882737385081157e+01
2.646411509533014694e+01 1.590594203846317534e+01
2.646411509533014694e+01 1.590594203846317534e+01
2.646411509533014694e+01 1.590594203846317534e+01
2.646411509533014694e+01 1.590594203846317534e+01
2.646411509533014694e+01 1.590594203846317534e+01
2.690879930664125652e+01 1.593425906603230047e+01
2.755837924022009844e+01 1.596879203328732366e+01
3.725398618452953770e+01 1.643776733232871834e+01
3.725398618452953770e+01 1.643776733232871834e+01
3.725398618452953770e+01 1.643776733232871834e+01
3.725398618452953770e+01 1.643776733232871834e+01
3.725398618452953770e+01 1.643776733232871834e+01
3.778215298669993416e+01 1.630482159691078436e+01
3.828311394021334024e+01 1.623587403894762815e+01
5.044396519278627267e+01 1.521332362533204119e+01
5.044396519278627267e+01 1.521332362533204119e+01
5.044396519278627267e+01 1.521332362533204119e+01
5.044396519278627267e+01 1.521332362533204119e+01
5.044396519278627267e+01 1.521332362533204119e+01
5.044396519278627267e+01 1.521332362533204119e+01
5.329247371074310280e+01 1.401271787930166468e+01
5.372720637613393535e+01 1.375721457785892632e+01
6.238420243251080421e+01 1.069992826509006711e+01
6.238420243251080421e+01 1.069992826509006711e+01
6.238420243251080421e+01 1.069992826509006711e+01
6.238420243251080421e+01 1.069992826509006711e+01
6.238420243251080421e+01 1.069992826509006711e+01
6.252957597988638128e+01 1.024106567205050666e+01
6.302742991170079989e+01 9.747219288858337549e+00
6.470414047910176691e+01 8.028926696295032528e+00
6.470414047910176691e+01 8.028926696295032528e+00
6.470414047910176691e+01 8.028926696295032528e+00
6.470414047910176691e+01 8.028926696295032528e+00
6.470414047910176691e+01 8.028926696295032528e+00
6.455910379012651390e+01 7.913302203419323000e+00
6.437261075000648702e+01 7.843427981316179576e+00
6.329927028070496675e+01 4.651184277517335097e+00
6.329927028070496675e+01 4.651184277517335097e+00
6.329927028070496675e+01 4.651184277517335097e+00
6.329927028070496675e+01 4.651184277517335097e+00
6.329927028070496675e+01 4.651184277517335097e+00
6.329927028070496675e+01 4.651184277517335097e+00
6.351558956912789000e+01 4.182732042617971047e+00
6.341902777759748489e+01 3.811353730914782023e+00
6.210934319953222627e+01 -4.719369880746050683e+00
6.210934319953222627e+01 -4.719369880746050683e+00
6.210934319953222627e+01 -4.719369880746050683e+00
6.210934319953222627e+01 -4.719369880746050683e+00
6.210934319953222627e+01 -4.719369880746050683e+00
6.190000479722338156e+01 -5.208217987638356306e+00
6.138175607103226383e+01 -6.186611100765944116e+00
5.818948504758328255e+01 -1.418725136006765020e+01
5.818948504758328255e+01 -1.418725136006765020e+01
5.818948504758328255e+01 -1.418725136006765020e+01
5.818948504758328255e+01 -1.418725136006765020e+01
5.818948504758328255e+01 -1.418725136006765020e+01
5.818948504758328255e+01 -1.418725136006765020e+01
5.773644994180454404e+01 -1.515551737890794648e+01
5.722824525164613618e+01 -1.636487518712287326e+01
5.589790377710897218e+01 -2.007225729666303593e+01
5.589790377710897218e+01 -2.007225729666303593e+01
5.589790377710897218e+01 -2.007225729666303593e+01
5.589790377710897218e+01 -2.007225729666303593e+01
5.589790377710897218e+01 -2.007225729666303593e+01
5.552165495539561135e+01 -2.050450915440590904e+01
5.374722183789121033e+01 -2.416991693103027927e+01
4.500266749781479803e+01 -2.816746481778838884e+01
4.500266749781479803e+01 -2.816746481778838884e+01
4.500266749781479803e+01 -2.816746481778838884e+01
4.500266749781479803e+01 -2.816746481778838884e+01
4.500266749781479803e+01 -2.816746481778838884e+01
4.399135568290630971e+01 -2.836089795420413040e+01
4.359512134929561711e+01 -2.839566249837999123e+01
2.763690310460209076e+01 -2.661196658137183135e+01
2.763690310460209076e+01 -2.661196658137183135e+01
2.763690310460209076e+01 -2.661196658137183135e+01
2.763690310460209076e+01 -2.661196658137183135e+01
2.763690310460209076e+01 -2.661196658137183135e+01
2.763690310460209076e+01 -2.661196658137183135e+01
2.388592338696342310e+01 -2.690682326362259147e+01
2.143054199546140381e+01 -2.703230118691580941e+01
1.013894236959257356e+01 -2.438745752831190927e+01
1.013894236959257356e+01 -2.438745752831190927e+01
1.013894236959257356e+01 -2.438745752831190927e+01
1.013894236959257356e+01 -2.438745752831190927e+01
1.013894236959257356e+01 -2.438745752831190927e+01
9.635617502448431182e+00 -2.417019428620567112e+01
7.894107092005112847e+00 -2.254703818864280152e+01
7.815105029340136955e-01 -2.255943777042227083e+01
7.815105029340136955e-01 -2.255943777042227083e+01
7.815105029340136955e-01 -2.255943777042227083e+01
7.815105029340136955e-01 -2.255943777042227083e+01
7.815105029340136955e-01 -2.255943777042227083e+01
7.815105029340136955e-01 -2.255943777042227083e+01
-1.049481273132272019e+00 -2.259020581512692161e+01
-2.600827239959166093e+00 -2.260252244620480866e+01
-1.051566455706709391e+01 -2.223501905496033970e+01
-1.051566455706709391e+01 -2.223501905496033970e+01
-1.051566455706709391e+01 -2.223501905496033970e+01
-1.051566455706709391e+01 -2.223501905496033970e+01
-1.051566455706709391e+01 -2.223501905496033970e+01
-1.124599965769617249e+01 -2.207713127026027067e+01
-1.367533314317086734e+01 -2.160995576225834824e+01
-2.498343842434538331e+01 -1.996641777543834806e+01
-2.498343842434538331e+01 -1.996641777543834806e+01
-2.498343842434538331e+01 -1.996641777543834806e+01
-2.498343842434538331e+01 -1.996641777543834806e+01
-2.498343842434538331e+01 -1.996641777543834806e+01
-2.617053626677449074e+01 -2.076229369156912696e+01
-2.699426647073244823e+01 -1.997833991270959331e+01
-4.270837708225045759e+01 -2.022461438570195824e+01
-4.270837708225045759e+01 -2.022461438570195824e+01
-4.270837708225045759e+01 -2.022461438570195824e+01
-4.270837708225045759e+01 -2.022461438570195824e+01
-4.270837708225045759e+01 -2.022461438570195824e+01
-4.270837708225045759e+01 -2.022461438570195824e+01
-4.453521865840905747e+01 -2.023225781150081914e+01
-4.704230481699158162e+01 -2.036338902639176140e+01
-5.755166570719057262e+01 -1.938899771162937569e+01
-5.755166570719057262e+01 -1.938899771162937569e+01
-5.755166570719057262e+01 -1.938899771162937569e+01
-5.755166570719057262e+01 -1.938899771162937569e+01
-5.755166570719057262e+01 -1.938899771162937569e+01
-5.840661161719183525e+01 -1.856200610913646187e+01
-5.891658361288446599e+01 -1.851710782136056821e+01
-6.116261149877092151e+01 -1.666146192335091314e+01
-6.116261149877092151e+01 -1.666146192335091314e+01
-6.116261149877092151e+01 -1.666146192335091314e+01
-6.116261149877092151e+01 -1.666146192335091314e+01
-6.116261149877092151e+01 -1.666146192335091314e+01
-6.262029244439269604e+01 -1.598107724170379917e+01
-6.285964638433229368e+01 -1.576631917278824169e+01
-5.527511241966721656e+01 -1.506300040684719299e+01
-5.527511241966721656e+01 -1.506300040684719299e+01
-5.527511241966721656e+01 -1.506300040684719299e+01
-5.527511241966721656e+01 -1.506300040684719299e+01
-5.527511241966721656e+01 -1.506300040684719299e+01
-5.527511241966721656e+01 -1.506300040684719299e+01
-5.169755153833177275e+01 -1.591929442527511895e+01
-5.113237108468469216e+01 -1.587708254631717431e+01
-3.874973146157864079e+01 -1.514443080971436473e+01
-3.874973146157864079e+01 -1.514443080971436473e+01
-3.874973146157864079e+01 -1.514443080971436473e+01
-3.874973146157864079e+01 -1.514443080971436473e+01
-3.874973146157864079e+01 -1.514443080971436473e+01
-3.825879928907224325e+01 -1.511798839189443200e+01
-3.724750363139264664e+01 -1.503572991125683522e+01
-2.973256841264666761e+01 -1.563709172157297900e+01
-2.973256841264666761e+01 -1.563709172157297900e+01
-2.973256841264666761e+01 -1.563709172157297900e+01
-2.973256841264666761e+01 -1.563709172157297900e+01
-2.973256841264666761e+01 -1.563709172157297900e+01
-2.973256841264666761e+01 -1.563709172157297900e+01
-2.599557433663339623e+01 -1.544657905473368587e+01
-2.442401710685561511e+01 -1.541533568702263857e+01
-1.951941866326152208e+01 -1.222448905073178338e+01
-1.951941866326152208e+01 -1.222448905073178338e+01
-1.951941866326152208e+01 -1.222448905073178338e+01
-1.951941866326152208e+01 -1.222448905073178338e+01
-1.951941866326152208e+01 -1.222448905073178338e+01
-1.907297713557669994e+01 -1.209527520221514330e+01
-1.826312704636483275e+01 -1.189821842244122685e+01
-1.062637532865490186e+01 -1.203108934935246843e+01
-1.062637532865490186e+01 -1.203108934935246843e+01
-1.062637532865490186e+01 -1.203108934935246843e+01
-1.062637532865490186e+01 -1.203108934935246843e+01
-1.062637532865490186e+01 -1.203108934935246843e+01
-9.890185757139148492e+00 -1.211698497127071050e+01
-9.745039986677646482e+00 -1.224823968951886322e+01
-5.821310749398795892e+00 -1.313576233758109524e+01
-5.821310749398795892e+00 -1.313576233758109524e+01
-5.821310749398795892e+00 -1.313576233758109524e+01
-5.821310749398795892e+00 -1.313576233758109524e+01
-5.821310749398795892e+00 -1.313576233758109524e+01
-5.821310749398795892e+00 -1.313576233758109524e+01
-5.242964281748362154e+00 -1.160004808205186499e+01
-5.078511367307341651e+00 -1.136476399396377701e+01
-4.504098923886393990e+00 -5.852859755459252966e+00
-4.504098923886393990e+00 -5.852859755459252966e+00
-4.504098923886393990e+00 -5.852859755459252966e+00
-4.504098923886393990e+00 -5.852859755459252966e+00
-4.504098923886393990e+00 -5.852859755459252966e+00
-4.487071155547771362e+00 -5.683722028304239338e+00
-4.438809670329566970e+00 -5.213548717716705028e+00
-3.695479816892015990e+00 -1.402383231164175514e+00
-3.695479816892015990e+00 -1.402383231164175514e+00
-3.695479816892015990e+00 -1.402383231164175514e+00
-3.695479816892015990e+00 -1.402383231164175514e+00
-3.695479816892015990e+00 -1.402383231164175514e+00
-3.695479816892015990e+00 -1.402383231164175514e+00
-2.774023840481340208e+00 -1.102301072386550028e-02
-2.206282370591673203e+00 1.319047793895772092e+00
-2.551227974414324251e+00 3.612761452555426800e+00
-2.551227974414324251e+00 3.612761452555426800e+00
-2.551227974414324251e+00 3.612761452555426800e+00
-2.551227974414324251e+00 3.612761452555426800e+00
-2.551227974414324251e+00 3.612761452555426800e+00
-2.612641765739151190e+00 3.815123976961055874e+00
-2.942325163082789352e+00 4.283620759410586842e+00
1.144318463512967288e+00 8.662414964467062717e+00
1.144318463512967288e+00 8.662414964467062717e+00
1.144318463512967288e+00 8.662414964467062717e+00
1.144318463512967288e+00 8.662414964467062717e+00
1.144318463512967288e+00 8.662414964467062717e+00
1.301830300684863717e+00 9.001652440899663432e+00
1.073900722782223260e+00 9.204967642050073451e+00
-6.104525606662902781e+00 1.283217115841249267e+01
-6.104525606662902781e+00 1.283217115841249267e+01
-6.104525606662902781e+00 1.283217115841249267e+01
-6.104525606662902781e+00 1.283217115841249267e+01
-6.104525606662902781e+00 1.283217115841249267e+01
-6.104525606662902781e+00 1.283217115841249267e+01
-6.611989357687148683e+00 1.313091551028112214e+01
-6.804123922197446106e+00 1.324065657680451125e+01
-8.959210197611735538e+00 1.388730725167882518e+01
-8.959210197611735538e+00 1.388730725167882518e+01
-8.959210197611735538e+00 1.388730725167882518e+01
-8.959210197611735538e+00 1.388730725167882518e+01
-8.959210197611735538e+00 1.388730725167882518e+01
-9.060145700779536071e+00 1.389407860872836586e+01
-9.420567885570138245e+00 1.397100647568087872e+01
-7.265459924151250526e+00 1.580563174070517896e+01
-7.265459924151250526e+00 1.580563174070517896e+01
-7.265459924151250526e+00 1.580563174070517896e+01
-7.265459924151250526e+00 1.580563174070517896e+01
-7.265459924151250526e+00 1.580563174070517896e+01
-7.818779522378980218e+00 1.582494653894805126e+01
-7.714792416121179386e+00 1.585037658309735242e+01
-4.590210773882581030e+00 1.543756770129848555e+01
-4.590210773882581030e+00 1.543756770129848555e+01
-4.590210773882581030e+00 1.543756770129848555e+01
-4.590210773882581030e+00 1.543756770129848555e+01
-4.590210773882581030e+00 1.543756770129848555e+01
-4.590210773882581030e+00 1.543756770129848555e+01
-2.648068325632506159e+00 1.521857657449530166e+01
-2.217337858970287012e+00 1.507155510563756273e+01
5.820513080231143554e+00 1.194396653428179889e+01
5.820513080231143554e+00 1.194396653428179889e+01
5.820513080231143554e+00 1.194396653428179889e+01
5.820513080231143554e+00 1.194396653428179889e+01
5.820513080231143554e+00 1.194396653428179889e+01
5.954902105864666062e+00 1.187552119622802316e+01
6.015487081338385167e+00 1.158952593151736821e+01
1.077375881360738141e+01 1.044098914472256112e+01
1.077375881360738141e+01 1.044098914472256112e+01
1.077375881360738141e+01 1.044098914472256112e+01
1.077375881360738141e+01 1.044098914472256112e+01
1.077375881360738141e+01 1.044098914472256112e+01
1.077375881360738141e+01 1.044098914472256112e+01
1.143868363173159963e+01 1.037942526997511550e+01
1.198180082430882720e+01 1.038906787039718260e+01
1.651693156982104682e+01 1.228997365287079724e+01
1.651693156982104682e+01 1.228997365287079724e+01
1.651693156982104682e+01 1.228997365287079724e+01
1.651693156982104682e+01 1.228997365287079724e+01
1.651693156982104682e+01 1.228997365287079724e+01
1.721465020402087731e+01 1.232942096610391047e+01
1.995230169389958874e+01 1.206202942436705960e+01
2.546651416216672459e+01 1.366328374921940991e+01
2.546651416216672459e+01 1.366328374921940991e+01
2.546651416216672459e+01 1.366328374921940991e+01
2.546651416216672459e+01 1.366328374921940991e+01
2.546651416216672459e+01 1.366328374921940991e+01
2.583953425091264222e+01 1.368148709117877715e+01
2.617978844431367236e+01 1.370524575544092194e+01
3.224412633002257422e+01 1.300260636114469470e+01
3.224412633002257422e+01 1.300260636114469470e+01
3.224412633002257422e+01 1.300260636114469470e+01
3.224412633002257422e+01 1.300260636114469470e+01
3.224412633002257422e+01 1.300260636114469470e+01
3.224412633002257422e+01 1.300260636114469470e+01
3.453401043998292863e+01 1.340881136510008886e+01
3.552473264474808445e+01 1.355262963147682242e+01
4.349931241387227487e+01 1.337831485164470102e+01
4.349931241387227487e+01 1.337831485164470102e+01
4.349931241387227487e+01 1.337831485164470102e+01
4.349931241387227487e+01 1.337831485164470102e+01
4.349931241387227487e+01 1.337831485164470102e+01
4.397661168097961593e+01 1.329257550604640770e+01
4.515635609490098545e+01 1.284168044453077329e+01
5.586287197211800049e+01 1.210169105571829640e+01
5.586287197211800049e+01 1.210169105571829640e+01
5.586287197211800049e+01 1.210169105571829640e+01
5.586287197211800049e+01 1.210169105571829640e+01
5.586287197211800049e+01 1.210169105571829640e+01
5.586287197211800049e+01 1.210169105571829640e+01
5.732876006395125756e+01 1.100513985398079519e+01
6.116143979503203809e+01 9.528934859454691875e+00
6.870056401331427764e+01 -7.697063327170808877e-01
6.870056401331427764e+01 -7.697063327170808877e-01
6.870056401331427764e+01 -7.697063327170808877e-01
6.870056401331427764e+01 -7.697063327170808877e-01
6.870056401331427764e+01 -7.697063327170808877e-01
6.922467490677325941e+01 -9.143918778982381701e-01
7.185081170052755795e+01 -2.146369147018692747e+00
7.873301642430462266e+01 -9.948776407891145590e-01
7.873301642430462266e+01 -9.948776407891145590e-01
7.873301642430462266e+01 -9.948776407891145590e-01
7.873301642430462266e+01 -9.948776407891145590e-01
7.873301642430462266e+01 -9.948776407891145590e-01
7.910089586816631879e+01 -1.004063802881374645e+00
7.938911149963048786e+01 -1.012654708071641707e+00
8.262277753060212149e+01 -2.439875108359542022e+00
8.262277753060212149e+01 -2.439875108359542022e+00
8.262277753060212149e+01 -2.439875108359542022e+00
8.262277753060212149e+01 -2.439875108359542022e+00
8.262277753060212149e+01 -2.439875108359542022e+00
8.262277753060212149e+01 -2.439875108359542022e+00
8.296951197071759054e+01 -2.452200815157119518e+00
8.321898132002017690e+01 -2.460447868398750071e+00
8.427978197657718340e+01 -3.693746226928775744e+00
8.427978197657718340e+01 -3.693746226928775744e+00
8.427978197657718340e+01 -3.693746226928775744e+00
8.427978197657718340e+01 -3.693746226928775744e+00
8.427978197657718340e+01 -3.693746226928775744e+00
8.413228037364854117e+01 -4.079182915867167303e+00
8.389568779862456438e+01 -5.259395435157786736e+00
8.379329090781294553e+01 -1.217098830841389123e+01
8.379329090781294553e+01 -1.217098830841389123e+01
8.379329090781294553e+01 -1.217098830841389123e+01
8.379329090781294553e+01 -1.217098830841389123e+01
8.379329090781294553e+01 -1.217098830841389123e+01
8.369349540777949414e+01 -1.247746370931239746e+01
8.355878533475963366e+01 -1.280823137952448398e+01
8.080383543285432779e+01 -1.683937293808222435e+01
8.080383543285432779e+01 -1.683937293808222435e+01
8.080383543285432779e+01 -1.683937293808222435e+01
8.080383543285432779e+01 -1.683937293808222435e+01
8.080383543285432779e+01 -1.683937293808222435e+01
8.080383543285432779e+01 -1.683937293808222435e+01
7.784718677088045524e+01 -1.830083986663804296e+01
7.725902687439557326e+01 -1.829763460346870829e+01
6.411559166833694690e+01 -1.584522195278135470e+01
6.411559166833694690e+01 -1.584522195278135470e+01
6.411559166833694690e+01 -1.584522195278135470e+01
6.411559166833694690e+01 -1.584522195278135470e+01
6.411559166833694690e+01 -1.584522195278135470e+01
6.243137881286153856e+01 -1.662479282617046294e+01
5.764279321490949570e+01 -1.920441652959120304e+01
1.658225411255196491e+01 -2.268425255644640970e+01
1.658225411255196491e+01 -2.268425255644640970e+01
1.658225411255196491e+01 -2.268425255644640970e+01
1.658225411255196491e+01 -2.268425255644640970e+01
1.658225411255196491e+01 -2.268425255644640970e+01
1.658225411255196491e+01 -2.268425255644640970e+01
1.072884307565112572e+01 -2.275478199785431599e+01
7.734264667312706010e+00 -2.255673072387664746e+01
-1.558757554818477331e+01 -2.170539968640642670e+01
-1.558757554818477331e+01 -2.170539968640642670e+01
-1.558757554818477331e+01 -2.170539968640642670e+01
-1.558757554818477331e+01 -2.170539968640642670e+01
-1.558757554818477331e+01 -2.170539968640642670e+01
-1.908720909687041001e+01 -2.095149027978385803e+01
-2.298031245482581042e+01 -2.059166221380996120e+01
-5.794395677068693118e+01 -1.767313595193547116e+01
-5.794395677068693118e+01 -1.767313595193547116e+01
-5.794395677068693118e+01 -1.767313595193547116e+01
-5.794395677068693118e+01 -1.767313595193547116e+01
-5.794395677068693118e+01 -1.767313595193547116e+01
-5.963530508471053082e+01 -1.755940347712849459e+01
-6.178666221843680262e+01 -1.737658345250699199e+01
-7.424841757825775801e+01 -1.512680272576330331e+01
-7.424841757825775801e+01 -1.512680272576330331e+01
-7.424841757825775801e+01 -1.512680272576330331e+01
-7.424841757825775801e+01 -1.512680272576330331e+01
-7.424841757825775801e+01 -1.512680272576330331e+01
-7.424841757825775801e+01 -1.512680272576330331e+01
-7.475389577598907920e+01 -1.461038005868213396e+01
-7.490687845714316495e+01 -1.444500285175645438e+01
-8.034551267557026222e+01 -2.455320580427680976e+00
-8.034551267557026222e+01 -2.455320580427680976e+00
-8.034551267557026222e+01 -2.455320580427680976e+00
-8.034551267557026222e+01 -2.455320580427680976e+00
-8.034551267557026222e+01 -2.455320580427680976e+00
-7.993467877341601024e+01 -1.099060488301821348e+00
-7.775491472715515329e+01 1.572497566377481615e+00
-6.841565267093895386e+01 8.249929657883745548e+00
-6.841565267093895386e+01 8.249929657883745548e+00
-6.841565267093895386e+01 8.249929657883745548e+00
-6.841565267093895386e+01 8.249929657883745548e+00
-6.841565267093895386e+01 8.249929657883745548e+00
-6.841565267093895386e+01 8.249929657883745548e+00
-6.550711744817661497e+01 9.482727873982440769e+00
-6.396140998557546453e+01 1.250599563918584245e+01
-6.225789010406302992e+01 1.483999730361109748e+01
-6.225789010406302992e+01 1.483999730361109748e+01
-6.225789010406302992e+01 1.483999730361109748e+01
-6.225789010406302992e+01 1.483999730361109748e+01
-6.225789010406302992e+01 1.483999730361109748e+01
-6.211104850879343786e+01 1.496107577266267974e+01
-6.107492423256245928e+01 1.549065350752280779e+01
-4.840263198154488578e+01 2.037640649972429685e+01
-4.840263198154488578e+01 2.037640649972429685e+01
-4.840263198154488578e+01 2.037640649972429685e+01
-4.840263198154488578e+01 2.037640649972429685e+01
-4.840263198154488578e+01 2.037640649972429685e+01
-4.793001912016724475e+01 2.043593170315151752e+01
-4.716206073089539785e+01 2.052153846616075583e+01
-3.556733303883191155e+01 2.058398831489368774e+01
-3.556733303883191155e+01 2.058398831489368774e+01
-3.556733303883191155e+01 2.058398831489368774e+01
-3.556733303883191155e+01 2.058398831489368774e+01
-3.556733303883191155e+01 2.058398831489368774e+01
-3.556733303883191155e+01 2.058398831489368774e+01
-3.474374680880939792e+01 2.054317852947783862e+01
-3.444900632563557963e+01 2.053839749781603174e+01
-2.520191762484349596e+01 1.835440411170373309e+01
-2.520191762484349596e+01 1.835440411170373309e+01
-2.520191762484349596e+01 1.835440411170373309e+01
-2.520191762484349596e+01 1.835440411170373309e+01
-2.520191762484349596e+01 1.835440411170373309e+01
-2.422510535394556186e+01 1.842169578562995369e+01
-2.295164258087819320e+01 1.839931756970231902e+01
-1.320823116144831921e+01 1.562288486024475809e+01
-1.320823116144831921e+01 1.562288486024475809e+01
-1.320823116144831921e+01 1.562288486024475809e+01
-1.320823116144831921e+01 1.562288486024475809e+01
-1.320823116144831921e+01 1.562288486024475809e+01
-1.287069176411024074e+01 1.557338170447965275e+01
-1.246453342123361097e+01 1.548889332123406071e+01
-3.360705405144400970e+00 1.258583256737424527e+01
-3.360705405144400970e+00 1.258583256737424527e+01
-3.360705405144400970e+00 1.258583256737424527e+01
-3.360705405144400970e+00 1.258583256737424527e+01
-3.360705405144400970e+00 1.258583256737424527e+01
-3.360705405144400970e+00 1.258583256737424527e+01
-3.076538543439210738e+00 1.229259781903985349e+01
-2.994811852210840009e+00 1.215296563435510002e+01
1.206705260902373400e+00 8.649576178021844086e+00
1.206705260902373400e+00 8.649576178021844086e+00
1.206705260902373400e+00 8.649576178021844086e+00
1.206705260902373400e+00 8.649576178021844086e+00
1.206705260902373400e+00 8.649576178021844086e+00
1.355867826858266234e+00 8.443001462366076737e+00
1.552691280170602539e+00 8.017265038743921934e+00
-2.462590806254889131e+00 3.671691577001283679e+00
-2.462590806254889131e+00 3.671691577001283679e+00
-2.462590806254889131e+00 3.671691577001283679e+00
-2.462590806254889131e+00 3.671691577001283679e+00
-2.462590806254889131e+00 3.671691577001283679e+00
-2.462590806254889131e+00 3.671691577001283679e+00
-2.832338296708040826e+00 3.482068009680735710e+00
-2.995449716362684978e+00 3.416932426733954919e+00
-5.936887198766376272e+00 6.052038791777931692e-01
-5.936887198766376272e+00 6.052038791777931692e-01
-5.936887198766376272e+00 6.052038791777931692e-01
-5.936887198766376272e+00 6.052038791777931692e-01
-5.936887198766376272e+00 6.052038791777931692e-01
-6.047493799680932369e+00 2.296533645314905725e-01
-6.283991932476297393e+00 -2.292799202160306915e-01
-7.557034407417372535e+00 -3.093464611361945504e+00
-7.557034407417372535e+00 -3.093464611361945504e+00
-7.557034407417372535e+00 -3.093464611361945504e+00
-7.557034407417372535e+00 -3.093464611361945504e+00
-7.557034407417372535e+00 -3.093464611361945504e+00
-7.776594871862451797e+00 -3.438879676311863864e+00
-8.000787530925308033e+00 -3.757664835860865526e+00
-8.995842062337247924e+00 -5.611611985477043874e+00
-8.995842062337247924e+00 -5.611611985477043874e+00
-8.995842062337247924e+00 -5.611611985477043874e+00
-8.995842062337247924e+00 -5.611611985477043874e+00
-8.995842062337247924e+00 -5.611611985477043874e+00
-8.995842062337247924e+00 -5.611611985477043874e+00
-9.073311611086497308e+00 -5.756000604077522453e+00
-9.156272934925178575e+00 -5.910687933618251400e+00
-9.601131985695372961e+00 -7.126718168871836845e+00
-9.601131985695372961e+00 -7.126718168871836845e+00
-9.601131985695372961e+00 -7.126718168871836845e+00
-9.601131985695372961e+00 -7.126718168871836845e+00
-9.601131985695372961e+00 -7.126718168871836845e+00
-9.603660131378283893e+00 -7.132350513087398980e+00
-9.626188029219321152e+00 -7.204882306088377319e+00
-9.714241210358666834e+00 -9.384287614517075937e+00
-9.714241210358666834e+00 -9.384287614517075937e+00
-9.714241210358666834e+00 -9.384287614517075937e+00
-9.714241210358666834e+00 -9.384287614517075937e+00
-9.714241210358666834e+00 -9.384287614517075937e+00
