1.875000000000000000e+03 5.803799999999999955e+02
1.876000000000000000e+03 5.818600000000000136e+02
1.877000000000000000e+03 5.809700000000000273e+02
1.878000000000000000e+03 5.807999999999999545e+02
1.879000000000000000e+03 5.797899999999999636e+02
1.880000000000000000e+03 5.803899999999999864e+02
1.881000000000000000e+03 5.804199999999999591e+02
1.882000000000000000e+03 5.808200000000000500e+02
1.883000000000000000e+03 5.813999999999999773e+02
1.884000000000000000e+03 5.813200000000000500e+02
1.885000000000000000e+03 5.814400000000000546e+02
1.886000000000000000e+03 5.816799999999999500e+02
1.887000000000000000e+03 5.811699999999999591e+02
1.888000000000000000e+03 5.805299999999999727e+02
1.889000000000000000e+03 5.800099999999999909e+02
1.890000000000000000e+03 5.799099999999999682e+02
1.891000000000000000e+03 5.791399999999999864e+02
1.892000000000000000e+03 5.791599999999999682e+02
1.893000000000000000e+03 5.795499999999999545e+02
1.894000000000000000e+03 5.796699999999999591e+02
1.895000000000000000e+03 5.784400000000000546e+02
1.896000000000000000e+03 5.782400000000000091e+02
1.897000000000000000e+03 5.791000000000000227e+02
1.898000000000000000e+03 5.790900000000000318e+02
1.899000000000000000e+03 5.793500000000000227e+02
1.900000000000000000e+03 5.788200000000000500e+02
1.901000000000000000e+03 5.793200000000000500e+02
1.902000000000000000e+03 5.790099999999999909e+02
1.903000000000000000e+03 5.790000000000000000e+02
1.904000000000000000e+03 5.797999999999999545e+02
1.905000000000000000e+03 5.798300000000000409e+02
1.906000000000000000e+03 5.797200000000000273e+02
1.907000000000000000e+03 5.798899999999999864e+02
1.908000000000000000e+03 5.800099999999999909e+02
1.909000000000000000e+03 5.793700000000000045e+02
1.910000000000000000e+03 5.786900000000000546e+02
1.911000000000000000e+03 5.781900000000000546e+02
1.912000000000000000e+03 5.786699999999999591e+02
1.913000000000000000e+03 5.795499999999999545e+02
1.914000000000000000e+03 5.789199999999999591e+02
1.915000000000000000e+03 5.780900000000000318e+02
1.916000000000000000e+03 5.793700000000000045e+02
1.917000000000000000e+03 5.801299999999999955e+02
1.918000000000000000e+03 5.801399999999999864e+02
1.919000000000000000e+03 5.795099999999999909e+02
1.920000000000000000e+03 5.792400000000000091e+02
1.921000000000000000e+03 5.786599999999999682e+02
1.922000000000000000e+03 5.788600000000000136e+02
1.923000000000000000e+03 5.780499999999999545e+02
1.924000000000000000e+03 5.777899999999999636e+02
1.925000000000000000e+03 5.767500000000000000e+02
1.926000000000000000e+03 5.767500000000000000e+02
1.927000000000000000e+03 5.778200000000000500e+02
1.928000000000000000e+03 5.786399999999999864e+02
1.929000000000000000e+03 5.805800000000000409e+02
1.930000000000000000e+03 5.794800000000000182e+02
1.931000000000000000e+03 5.773799999999999955e+02
1.932000000000000000e+03 5.768999999999999773e+02
1.933000000000000000e+03 5.769400000000000546e+02
1.934000000000000000e+03 5.762400000000000091e+02
1.935000000000000000e+03 5.768400000000000318e+02
1.936000000000000000e+03 5.768500000000000227e+02
1.937000000000000000e+03 5.768999999999999773e+02
1.938000000000000000e+03 5.777899999999999636e+02
1.939000000000000000e+03 5.781799999999999500e+02
1.940000000000000000e+03 5.775099999999999909e+02
1.941000000000000000e+03 5.772300000000000182e+02
1.942000000000000000e+03 5.784199999999999591e+02
1.943000000000000000e+03 5.796100000000000136e+02
1.944000000000000000e+03 5.790499999999999545e+02
1.945000000000000000e+03 5.792599999999999909e+02
1.946000000000000000e+03 5.792200000000000273e+02
1.947000000000000000e+03 5.793799999999999955e+02
1.948000000000000000e+03 5.791000000000000227e+02
1.949000000000000000e+03 5.779500000000000455e+02
1.950000000000000000e+03 5.781200000000000045e+02
1.951000000000000000e+03 5.797500000000000000e+02
1.952000000000000000e+03 5.808500000000000227e+02
1.953000000000000000e+03 5.804099999999999682e+02
1.954000000000000000e+03 5.799600000000000364e+02
1.955000000000000000e+03 5.796100000000000136e+02
1.956000000000000000e+03 5.787599999999999909e+02
1.957000000000000000e+03 5.781799999999999500e+02
1.958000000000000000e+03 5.772100000000000364e+02
1.959000000000000000e+03 5.771299999999999955e+02
1.960000000000000000e+03 5.791000000000000227e+02
1.961000000000000000e+03 5.782500000000000000e+02
1.962000000000000000e+03 5.779099999999999682e+02
1.963000000000000000e+03 5.768899999999999864e+02
1.964000000000000000e+03 5.759600000000000364e+02
1.965000000000000000e+03 5.767999999999999545e+02
1.966000000000000000e+03 5.776799999999999500e+02
1.967000000000000000e+03 5.783799999999999955e+02
1.968000000000000000e+03 5.785199999999999818e+02
1.969000000000000000e+03 5.797400000000000091e+02
1.970000000000000000e+03 5.793099999999999454e+02
1.971000000000000000e+03 5.798899999999999864e+02
1.972000000000000000e+03 5.799600000000000364e+02
